t	EXCHANGERATE	CPIUSA	M1USA	M2USA	UNRATEUSA	PPIUSA	GDPUSA	CPIMEX	UNRATEMEX	PPIMEX	GDPMEX
01.01.1994	3,1078	146,3	773,5	3481,8	6,6	119,1	66,66608143	15,91517148	3,7	13,82977695	14,99034621
01.02.1994	3,1218	146,7	774,6	3459,7	6,6	119,3	66,66608143	15,99702584	3,6	13,92978344	14,99034621
01.03.1994	3,3026	147,1	775,1	3477	6,5	119,7	66,66608143	16,07928133	3,5	13,99587968	14,99034621
01.04.1994	3,3495	147,2	775,2	3507,2	6,4	119,7	66,988268	16,1580297	3,6	14,11355973	15,27101133
01.05.1994	3,3167	147,5	775,1	3472,8	6,1	119,9	66,988268	16,23609858	3,3	14,22563598	15,27101133
01.06.1994	3,3671	147,9	774,3	3478,9	6,1	120,5	66,988268	16,31734058	3,4	14,32104447	15,27101133
01.07.1994	3,4031	148,4	775,4	3492,2	6,1	120,7	67,37225262	16,38970669	3,5	14,42737321	15,70732694
01.08.1994	3,3814	149	772,2	3481,5	6	121,2	67,37225262	16,46609731	3,6	14,50367126	15,70732694
01.09.1994	3,4022	149,3	771,5	3479,4	5,9	121	67,37225262	16,58320473	3,6	14,57120438	15,70732694
01.10.1994	3,4212	149,4	769,9	3475,4	5,8	120,9	67,73781551	16,67026084	3,9	14,66345175	16,18525347
01.11.1994	3,4425	149,8	768,3	3492	5,6	121,5	67,73781551	16,75937833	4,1	14,79578793	16,18525347
01.12.1994	3,9748	150,1	766,6	3506,9	5,5	121,9	67,73781551	16,9063684	4	15,04781577	16,18525347
01.01.1995	5,6405	150,5	765	3497,4	5,6	122,9	68,10501283	17,54271466	4,4	16,27447585	18,29045055
01.02.1995	5,6779	150,9	760,4	3474,7	5,4	123,5	68,10501283	18,28622001	5,1	17,22367539	18,29045055
01.03.1995	6,777	151,2	758,4	3491,2	5,4	123,9	68,10501283	19,3642127	5,6	18,51154634	18,29045055
01.04.1995	6,2285	151,8	757,1	3525,2	5,8	124,6	68,43240332	20,90721961	6,1	20,47819697	21,21520357
01.05.1995	5,9741	152,1	753	3502,6	5,6	124,9	68,43240332	21,78105533	6,5	21,35971971	21,21520357
01.06.1995	6,233	152,4	750,8	3544,8	5,6	125,3	68,43240332	22,47233028	6,7	21,88820229	21,21520357
01.07.1995	6,122	152,6	750,7	3566,2	5,7	125,3	68,76929958	22,93045139	6,8	22,20187207	22,55316585
01.08.1995	6,2047	152,9	749,1	3585,9	5,7	125,1	68,76929958	23,31079997	7,6	22,50232261	22,55316585
01.09.1995	6,3167	153,1	745,9	3596,4	5,6	125,2	68,76929958	23,79298963	6,7	22,77432302	22,55316585
01.10.1995	6,7452	153,5	740,9	3598,3	5,5	125,3	69,1008178	24,28254721	6,6	23,22463961	24,08427604
01.11.1995	7,6936	153,7	737,9	3622,8	5,6	125,4	69,1008178	24,88131379	6,4	23,99782197	24,08427604
01.12.1995	7,687	153,9	732,6	3648,2	5,6	125,7	69,1008178	25,6919491	6,6	24,90492108	24,08427604
01.01.1996	7,4806	154,7	726,2	3654,7	5,6	126,3	69,43320517	26,61555924	6,2	25,776242	25,44990984
01.02.1996	7,5183	155	721,6	3644,8	5,5	126,2	69,43320517	27,23675705	6,1	26,33188151	25,44990984
01.03.1996	7,5682	155,5	721,9	3689,1	5,5	126,4	69,43320517	27,83634229	5,8	27,0370997	25,44990984
01.04.1996	7,4694	156,1	720,6	3717,5	5,6	127,4	69,72080017	28,62765727	5,8	27,70093589	26,54415926
01.05.1996	7,4368	156,4	713,9	3689,2	5,6	128,1	69,72080017	29,14946998	5,4	28,08242617	26,54415926
01.06.1996	7,5648	156,7	711,7	3720,1	5,3	128	69,72080017	29,62412798	5,6	28,43446051	26,54415926
01.07.1996	7,6179	157	708,5	3730,1	5,5	128	69,94886924	30,04524574	5,4	28,81207123	27,82219755
01.08.1996	7,5143	157,2	700,8	3742,8	5,1	128,3	69,94886924	30,44458719	5,3	29,16511139	27,82219755
01.09.1996	7,5441	157,7	695,1	3742	5,2	128,2	69,94886924	30,93136134	5,4	29,46556192	27,82219755
01.10.1996	7,7345	158,2	686,3	3759,4	5,2	128	70,32285631	31,31744052	5	29,79676158	29,10488231
01.11.1996	7,9119	158,7	682,7	3790,3	5,4	128,2	70,32285631	31,7919348	5,1	30,34435459	29,10488231
01.12.1996	7,8769	159,1	679,6	3834,8	5,4	129,1	70,32285631	32,80985436	4,4	30,96393504	29,10488231
01.01.1997	7,8289	159,4	678,3	3845,2	5,3	129,7	70,74211694	33,65356346	4,3	31,6073676	30,65655624
01.02.1997	7,8023	159,7	675,5	3831,6	5,2	128,5	70,74211694	34,21909252	3,8	32,10639425	30,65655624
01.03.1997	7,9562	159,8	671,2	3868,2	5,2	127,3	70,74211694	34,64495849	4,1	32,32149442	30,65655624
01.04.1997	7,9059	159,9	665,4	3910,4	5,1	127	70,88510914	35,019249	4	32,6604532	31,61886761
01.05.1997	7,9037	159,9	665,3	3866,5	4,9	127,4	70,88510914	35,33885315	4	33,0393571	31,61886761
01.06.1997	7,9498	160,2	665,5	3896	5	127,2	70,88510914	35,65239923	3,6	33,37026938	31,61886761
01.07.1997	7,8679	160,4	664,3	3919,5	4,9	126,9	71,192851	35,96299813	4	33,55045349	32,87056278
01.08.1997	7,7818	160,8	668,7	3948,2	4,8	127,2	71,192851	36,28276601	3,6	33,75880035	32,87056278
01.09.1997	7,7809	161,2	661,8	3960	4,9	127,5	71,192851	36,73466532	3,4	34,10695513	32,87056278
01.10.1997	7,8708	161,5	659,8	3977,7	4,7	127,8	71,42664468	37,02823613	3,3	34,42464817	34,10124708
01.11.1997	8,2716	161,7	662,3	4006,9	4,6	127,9	71,42664468	37,44247716	3,4	35,02396867	34,10124708
01.12.1997	8,1271	161,8	662,7	4049,3	4,7	126,8	71,42664468	37,96707331	3,1	35,23921253	34,10124708
01.01.1998	8,2272	162	663	4069	4,6	125,4	71,5312709	38,7930994	3,5	35,68320686	35,31438177
01.02.1998	8,5021	162	665,3	4069,5	4,6	125	71,5312709	39,47225821	3,4	36,3947473	35,31438177
01.03.1998	8,5681	162	664,8	4124,7	4,7	124,7	71,5312709	39,93463634	3,3	36,77810552	35,31438177
01.04.1998	8,5017	162,2	663,7	4182	4,3	124,9	71,70018614	40,30827193	3,1	37,03817987	36,57333843
01.05.1998	8,5848	162,6	663,7	4138,8	4,4	125,1	71,70018614	40,62934966	3,3	37,29911634	36,57333843
01.06.1998	8,92	162,8	661,1	4169,4	4,5	124,8	71,70018614	41,10957454	3,3	37,75805418	36,57333843
01.07.1998	8,899	163,2	658,8	4195,4	4,5	124,9	72,00830666	41,50596882	3,3	38,0322099	38,00640712
01.08.1998	9,3712	163,4	658,4	4216	4,5	124,2	72,00830666	41,90498281	3,1	38,49861949	38,00640712
01.09.1998	10,2192	163,5	660,5	4255,1	4,6	123,8	72,00830666	42,58463281	3,2	39,78275456	38,00640712
01.10.1998	10,1594	163,9	662,6	4287,4	4,5	124	72,20626169	43,1948606	3,1	40,7354026	39,42290401
01.11.1998	9,9685	164,1	667,2	4338,6	4,4	123,6	72,20626169	43,95981479	3	41,12925	39,42290401
01.12.1998	9,9067	164,4	666,1	4397,8	4,4	122,8	72,20626169	45,03242071	3,1	41,39262916	39,42290401
01.01.1999	10,1279	164,7	666,7	4416,9	4,3	122,9	72,43693973	46,16960725	2,6	42,30432627	41,03271204
01.02.1999	10,0057	164,7	665,9	4410,5	4,4	122,3	72,43693973	46,79007979	3,1	42,83295254	41,03271204
01.03.1999	9,7324	164,8	665,4	4447,8	4,2	122,6	72,43693973	47,22478727	2,7	43,1423117	41,03271204
01.04.1999	9,4304	165,9	664	4510,3	4,3	123,6	72,71126454	47,6581849	2,8	43,42537605	42,75642693
01.05.1999	9,3955	166	664,9	4459,8	4,2	124,7	72,71126454	47,94487899	2,6	43,75355826	42,75642693
01.06.1999	9,5146	166	662,5	4495	4,3	125,2	72,71126454	48,25989865	2,7	44,12024873	42,75642693
01.07.1999	9,3699	166,7	659,3	4519,2	4,3	125,7	72,97026487	48,57884788	2,3	44,2686779	44,19186989
01.08.1999	9,3979	167,1	657,8	4534,8	4,2	126,9	72,97026487	48,8522797	2,5	44,5363677	44,19186989
01.09.1999	9,3413	167,8	653,5	4555,2	4,2	128	72,97026487	49,324318	2,3	44,93050247	44,19186989
01.10.1999	9,5752	168,1	656,3	4571,5	4,1	127,7	73,37353928	49,63671795	2,4	45,36257075	45,38107071
01.11.1999	9,4161	168,4	659,6	4602,6	4,1	128,3	73,37353928	50,07813843	2,3	45,64189922	45,38107071
01.12.1999	9,4271	168,8	664,8	4660,1	4	127,8	73,37353928	50,57981216	2,4	45,88875432	45,38107071
01.01.2000	9,4935	169,3	662,8	4674,3	4	128,3	73,86038805	51,25897096	2,3	46,48362052	46,78963053
01.02.2000	9,4265	170	652,1	4673,7	4,1	129,8	73,86038805	51,71365371	2,1	46,86381761	46,78963053
01.03.2000	9,2886	171	647,7	4731,3	4	130,8	73,86038805	52,00034779	2,2	47,24502051	46,78963053
01.04.2000	9,3937	170,9	652,8	4814,5	3,8	130,7	74,32050188	52,29621085	2,79	47,64289116	47,73566973
01.05.2000	9,5059	171,2	645,4	4731,8	4	131,6	74,32050188	52,49170643	2,72	47,93845633	47,73566973
01.06.2000	9,8343	172,2	640,3	4759,5	4	133,8	74,32050188	52,80263279	2,72	48,41291241	47,73566973
01.07.2000	9,4192	172,7	639	4770,1	4	133,7	74,75680882	53,00860719	2,46	48,43029859	48,63792395
01.08.2000	9,2724	172,7	637,1	4805,2	4,1	132,9	74,75680882	53,29988576	2,73	48,36204704	48,63792395
01.09.2000	9,3615	173,6	633,5	4838,8	3,9	134,7	74,75680882	53,68923959	2,62	48,62513883	48,63792395
01.10.2000	9,537	173,9	631,8	4848,8	3,9	135,4	75,16195417	54,05894561	2,49	48,97904111	49,74320298
01.11.2000	9,5081	174,2	627,1	4881,5	3,9	135	75,16195417	54,52116001	2,36	49,25190365	49,74320298
01.12.2000	9,4673	174,6	623,5	4939,1	3,9	136,2	75,16195417	55,11141254	2,55	49,25046677	49,74320298
01.01.2001	9,7688	175,6	624,5	4981	4,2	140	75,65563331	55,41693577	2,54	49,60321955	50,39073216
01.02.2001	9,7108	176	625,7	5002,1	4,2	137,4	75,65563331	55,38025988	3,21	49,95281121	50,39073216
01.03.2001	9,599	176,1	629,7	5089,1	4,3	135,9	75,65563331	55,73113677	2,66	50,25311806	50,39073216
01.04.2001	9,3276	176,4	633	5167,1	4,4	136,4	76,11313157	56,01226399	2,7	50,13759332	50,94171788
01.05.2001	9,1475	177,3	630,9	5109,2	4,3	136,8	76,11313157	56,14079332	2,78	50,10986163	50,94171788
01.06.2001	9,0881	177,7	633,8	5159,5	4,5	135,5	76,11313157	56,27357967	2,74	50,14391557	50,94171788
01.07.2001	9,1682	177,4	642	5182,8	4,6	133,4	76,41200876	56,12736732	2,82	49,9862904	51,3450111
01.08.2001	9,1332	177,4	648,4	5224,3	4,9	133,4	76,41200876	56,45990627	2,31	49,9115729	51,3450111
01.09.2001	9,4253	178,1	677	5330,2	5	133,3	76,41200876	56,98548481	2,5	50,28243031	51,3450111
01.10.2001	9,3391	177,6	656,4	5316,2	5,3	130,3	76,64967832	57,24303467	2,86	50,40815685	51,74530679
01.11.2001	9,225	177,5	659,7	5379,6	5,5	129,8	76,64967832	57,45866922	3	50,24104831	51,74530679
01.12.2001	9,1574	177,4	667	5456,8	5,7	128,1	76,64967832	57,5382428	3,09	50,05310508	51,74530679
01.01.2002	9,1636	177,7	670,1	5455,3	5,7	128,5	76,89742536	58,06938821	3,36	50,06819226	52,05745987
01.02.2002	9,105	178	668,9	5464,2	5,7	128,4	76,89742536	58,0320574	3,04	50,1871655	52,05745987
01.03.2002	9,064	178,5	668,5	5512,1	5,7	129,8	76,89742536	58,32890285	3,02	50,58345559	52,05745987
01.04.2002	9,1649	179,3	662	5533,8	5,9	130,8	77,16382167	58,64752461	3,05	50,86034138	53,72096315
01.05.2002	9,5099	179,5	662,6	5499	5,8	130,8	77,16382167	58,76639378	3,13	51,49975069	53,72096315
01.06.2002	9,7671	179,6	664,4	5534,2	5,8	130,9	77,16382167	59,05292413	3,04	51,84488804	53,72096315
01.07.2002	9,7792	180	666,2	5569,5	5,8	131,2	77,53544531	59,22244772	2,91	51,97765528	54,55773156
01.08.2002	9,8389	180,5	657,7	5620,3	5,7	131,5	77,53544531	59,44762589	2,78	52,15051133	54,55773156
01.09.2002	10,0708	180,8	661,6	5642,5	5,7	132,3	77,53544531	59,80519226	2,89	52,53430061	54,55773156
01.10.2002	10,0941	181,2	664,5	5684,4	5,7	133,2	77,97987101	60,06878664	2,79	52,91636563	55,24965643
01.11.2002	10,1952	181,5	666,4	5747,3	5,9	133,1	77,97987101	60,5546041	3	52,85601689	55,24965643
01.12.2002	10,2251	181,8	671,2	5799,7	6	132,9	77,97987101	60,81819848	2,73	52,85400526	55,24965643
01.01.2003	10,6223	182,6	672,1	5800,7	5,8	135,3	78,36939207	61,0640623	2,89	53,63523413	55,86340664
01.02.2003	10,9447	183,6	674,4	5811,2	5,9	137,6	78,36939207	61,2336847	2,98	54,56216211	55,86340664
01.03.2003	10,9053	183,9	673,9	5874,6	5,9	141,2	78,36939207	61,62021099	3,12	54,88114833	55,86340664
01.04.2003	10,5887	183,2	682,3	5940,1	6	136,8	78,63917326	61,72541234	3,09	54,66590447	55,5424713
01.05.2003	10,2528	182,9	693,7	5935,9	6,1	136,7	78,63917326	61,526239	3,19	54,49779012	55,5424713
01.06.2003	10,5028	183,1	699,6	5985,2	6,3	138	78,63917326	61,57706662	3,27	54,67395097	55,5424713
01.07.2003	10,4581	183,7	700,9	6034,7	6,2	137,7	79,0858665	61,66631046	3,58	54,83775471	55,9504488
01.08.2003	10,783	184,5	702,7	6091,6	6,1	138	79,0858665	61,85129934	3,66	55,2168023	55,9504488
01.09.2003	10,9229	185,1	700,8	6065	6,1	138,5	79,0858665	62,21950405	3,82	55,53047208	55,9504488
01.10.2003	11,1796	184,9	701,9	6051,5	6	139,3	79,57308549	62,44763731	3,77	55,79298912	56,93803438
01.11.2003	11,1494	185	702,2	6068,8	5,8	138,9	79,57308549	62,9659608	4,04	56,17246778	56,93803438
01.12.2003	11,2515	185,5	704,2	6095,9	5,7	139,5	79,57308549	63,23664741	3,4	56,52866906	56,93803438
01.01.2004	10,9203	186,3	701	6067,8	5,7	141,4	80,13607986	63,62967491	3,78	56,64003054	58,41856505
01.02.2004	11,0319	186,7	707,8	6073,9	5,6	142,1	80,13607986	64,01029101	4,04	57,41560387	58,41856505
01.03.2004	11,019	187,1	710,2	6155,6	5,8	143,1	80,13607986	64,22719491	3,92	58,39298456	58,41856505
01.04.2004	11,2701	187,4	711,2	6239,9	5,6	144,8	80,77973672	64,324122	3,99	59,15499102	60,04749779
01.05.2004	11,5199	188,2	708,4	6242,9	5,6	146,8	80,77973672	64,16277386	3,88	59,7123637	60,04749779
01.06.2004	11,3926	188,9	710,8	6273,7	5,6	147,2	80,77973672	64,26561113	3,96	59,87177455	60,04749779
01.07.2004	11,4678	189,1	709	6280,6	5,5	147,4	81,29823849	64,43405149	3,8	60,32174275	61,38638152
01.08.2004	11,3953	189,2	715,8	6294,9	5,4	148	81,29823849	64,83180714	4	60,64960903	61,38638152
01.09.2004	11,487	189,8	717,9	6337,2	5,4	147,7	81,29823849	65,36786119	3,84	61,00121735	61,38638152
01.10.2004	11,4037	190,8	714	6351,5	5,5	150	81,92700885	65,82058159	3,9	61,28273012	62,41226607
01.11.2004	11,371	191,7	716,8	6395,2	5,4	151,4	81,92700885	66,38204945	3,87	61,65186233	62,41226607
01.12.2004	11,2012	191,7	717,8	6448,5	5,4	150,2	81,92700885	66,51916581	4,03	61,62698972	62,41226607
01.01.2005	11,2627	191,6	713,5	6407,2	5,3	150,9	82,57969771	66,52152989	3,98	61,93224453	62,88904393
01.02.2005	11,1373	192,4	712,6	6405,7	5,4	151,6	82,57969771	66,74316194	3,66	62,16853437	62,88904393
01.03.2005	11,1552	193,1	709,9	6464	5,2	153,7	82,57969771	67,04399051	3,77	62,38786561	62,88904393
01.04.2005	11,1121	193,7	701,3	6518,5	5,2	155	83,17988468	67,2827621	3,81	62,44609013	63,4478445
01.05.2005	10,9764	193,6	705,6	6454,2	5,1	154,3	83,17988468	67,11373073	3,65	62,42234809	63,4478445
01.06.2005	10,8197	193,7	712,5	6513,8	5	154,3	83,17988468	67,04930968	3,83	62,29685445	63,4478445
01.07.2005	10,6724	194,9	702,4	6528,9	5	156,3	83,93645595	67,31172202	3,76	62,30759489	64,68255562
01.08.2005	10,6862	196,1	702,6	6548,8	4,9	157,6	83,93645595	67,39210058	3,42	62,27480827	64,68255562
01.09.2005	10,7858	198,8	693,5	6589,3	5	162,2	83,93645595	67,66219617	3,46	62,58741181	64,68255562
01.10.2005	10,8354	199,1	691,4	6608,7	5	166,2	84,61546001	67,82827245	3,42	63,02211727	65,29120036
01.11.2005	10,6715	198,1	694,6	6656,2	5	163,7	84,61546001	68,31645398	3,18	63,14591506	65,29120036
01.12.2005	10,6266	198,1	693,7	6702,5	4,9	163	84,61546001	68,73607733	3,19	63,31945807	65,29120036
01.01.2006	10,5422	199,3	692,2	6710	4,7	164,3	85,21234024	69,13915215	3,33	63,65976066	66,39676127
01.02.2006	10,4842	199,4	691,3	6720,8	4,8	161,8	85,21234024	69,24494451	3,62	63,92714126	66,39676127
01.03.2006	10,7493	199,7	692,6	6794,6	4,7	162,2	85,21234024	69,33182428	3,59	64,36128144	66,39676127
01.04.2006	11,0489	200,7	688,3	6870,1	4,7	164,3	85,96783549	69,43347951	3,41	65,11311274	68,02656488
01.05.2006	11,0908	201,3	689,1	6793,8	4,6	165,8	85,96783549	69,12437668	3,19	66,22672752	68,02656488
01.06.2006	11,3934	201,8	681,6	6851,8	4,6	166,1	85,96783549	69,18406958	3,5	67,14305725	68,02656488
01.07.2006	10,983	202,9	676,4	6869,4	4,7	166,8	86,56744028	69,37378661	3,63	67,27363847	68,90903914
01.08.2006	10,8735	203,8	673,4	6893	4,7	167,9	86,56744028	69,72780687	3,79	67,49523085	68,90903914
01.09.2006	10,9888	202,8	672,8	6920,1	4,5	165,4	86,56744028	70,43171026	3,7	67,63598724	68,90903914
01.10.2006	10,8854	201,9	678,7	6952,4	4,4	162,2	86,89142177	70,73963106	3,74	67,4381369	69,3490089
01.11.2006	10,9133	202	678,6	7024,3	4,5	164,6	86,89142177	71,11079086	3,8	67,44605091	69,3490089
01.12.2006	10,8546	203,1	672,9	7086,2	4,4	165,6	86,89142177	71,52213995	3,88	67,60093947	69,3490089
01.01.2007	10,9559	203,437	674,3	7104,9	4,6	164	87,72370052	71,8915267	3,74	67,92880575	70,39359943
01.02.2007	10,9951	204,226	667,4	7105,5	4,5	166,8	87,72370052	72,09247309	3,93	68,08143315	70,39359943
01.03.2007	11,1144	205,288	665,7	7193,7	4,4	169,3	87,72370052	72,24850205	4,16	68,50031059	70,39359943
01.04.2007	10,9802	205,904	669,2	7289,7	4,5	171,4	88,31034827	72,20535768	3,7	68,96158453	71,39423626
01.05.2007	10,8221	206,755	667,9	7240,6	4,4	173,3	88,31034827	71,85311047	3,57	69,37989668	71,39423626
01.06.2007	10,833	207,234	660,2	7282,9	4,6	173,8	88,31034827	71,93939922	3,43	69,55852727	71,39423626
01.07.2007	10,8146	207,603	660,8	7285,1	4,7	175,1	88,76924759	72,24495594	3,64	69,76768335	72,3125441
01.08.2007	11,0438	207,667	662,7	7345	4,6	172,4	88,76924759	72,5392833	3,66	70,07632988	72,3125441
01.09.2007	11,0319	208,547	659,7	7372,6	4,7	173,5	88,76924759	73,10252422	3,6	70,36349552	72,3125441
01.10.2007	10,8214	209,19	659,4	7371,2	4,7	174,7	89,14577103	73,38739528	3,77	70,46524713	74,35613525
01.11.2007	10,8811	210,834	650,7	7432,4	4,7	179	89,14577103	73,90512774	3,66	70,77502423	74,35613525
01.12.2007	10,8463	211,445	649,5	7496,6	5	178,6	89,14577103	74,21068446	3,79	70,98248445	74,35613525
01.01.2008	10,9057	212,174	649,3	7503,2	5	181	89,4586366	74,5546574	3,79	71,56246859	75,29207566
01.02.2008	10,7679	212,687	649	7571,7	4,9	182,7	89,4586366	74,77628945	3,81	72,27472982	75,29207566
01.03.2008	10,7328	213,448	650,6	7707	5,1	187,9	89,4586366	75,31825369	4,01	73,26850383	75,29207566
01.04.2008	10,5146	213,942	650,4	7775,9	5	190,9	89,91224816	75,48964914	3,7	74,08873481	77,16647051
01.05.2008	10,4381	215,208	647,5	7703,7	5,4	196,6	89,91224816	75,40808855	3,54	74,9344037	77,16647051
01.06.2008	10,3269	217,463	645,9	7729,5	5,6	200,5	89,91224816	75,72014648	3,7	75,52625887	77,16647051
01.07.2008	10,2094	219,016	648,9	7748,4	5,8	205,5	90,59096187	76,1421339	3,82	76,40188795	77,34280327
01.08.2008	10,1154	218,69	643,6	7744,8	6,1	199	90,59096187	76,58185188	3,89	76,51324943	77,34280327
01.09.2008	10,6633	218,877	668	7796,8	6,1	196,9	90,59096187	77,10372148	3,96	76,87672877	77,34280327
01.10.2008	12,6593	216,995	679,2	7923	6,5	186,4	90,80522024	77,6291372	3,99	78,59689617	76,75901688
01.11.2008	13,1186	213,153	710,6	7983,5	6,8	176,8	90,80522024	78,51152826	4,66	78,46857609	76,75901688
01.12.2008	13,4167	211,398	757,7	8200,9	7,3	170,9	90,80522024	79,05526556	4,82	78,23285154	76,75901688
01.01.2009	13,8839	211,933	746,8	8285,3	7,8	171,2	90,76109519	79,23848139	4,78	78,46518437	78,42204804
01.02.2009	14,6066	212,705	736,8	8286,9	8,3	169,3	90,76109519	79,41342295	5,2	79,12317808	78,42204804
01.03.2009	14,6466	212,495	743	8427,3	8,7	168,1	90,76109519	79,87028048	5,08	79,66133101	78,42204804
01.04.2009	13,4035	212,709	757,7	8449,7	9	169,1	90,6020675	80,14983237	5,42	79,09208731	79,77983613
01.05.2009	13,1895	213,022	759,3	8422,3	9,4	170,8	90,6020675	79,91637995	5,69	78,54093279	79,77983613
01.06.2009	13,3414	214,79	772,3	8439,7	9,5	174,1	90,6020675	80,06354363	5,39	78,75178472	79,77983613
01.07.2009	13,3623	214,726	774,2	8411,6	9,5	172,5	90,69996823	80,28162957	5,73	79,01125131	79,63804521
01.08.2009	13,0063	215,445	770,5	8385,4	9,6	175	90,69996823	80,47371067	5,87	79,32837715	79,63804521
01.09.2009	13,406	215,861	771,3	8397,4	9,8	174,1	90,69996823	80,87737651	5,99	80,57313844	79,63804521
01.10.2009	13,2275	216,509	774,9	8422,5	10	175,2	90,99845151	81,1220583	5,81	80,70258909	80,63874942
01.11.2009	13,1115	217,234	774,7	8489,8	9,9	177,4	90,99845151	81,54286368	5,49	81,00049518	80,63874942
01.12.2009	12,8622	217,347	778,8	8546,7	9,9	178,1	90,99845151	81,88033542	5,35	81,13899042	80,63874942
01.01.2010	12,8096	217,488	770	8479,2	9,8	181,9	91,24626549	82,77040973	5,61	81,80998572	82,11574287
01.02.2010	12,9396	217,281	782,3	8487,3	9,8	181	91,24626549	83,24913495	5,38	82,31252559	82,11574287
01.03.2010	12,5673	217,353	787,6	8566,1	9,9	183,3	91,24626549	83,84015375	5,17	82,53129154	82,11574287
01.04.2010	12,2396	217,403	781,5	8611,6	9,9	184,4	91,69127568	83,57301326	5,53	82,57199218	82,93452212
01.05.2010	12,7262	217,29	787	8577,7	9,6	184,8	91,69127568	83,04641551	5,42	83,04796357	82,93452212
01.06.2010	12,7102	217,199	797,2	8609	9,4	183,5	91,69127568	83,02041068	5,22	83,17176136	82,93452212
01.07.2010	12,8038	217,605	792,3	8577,9	9,4	184,1	91,96820495	83,20067141	5,34	83,4374461	83,29863883
01.08.2010	12,766	217,923	802,4	8601,8	9,5	184,9	91,96820495	83,43175976	5,09	83,55389516	83,29863883
01.09.2010	12,7977	218,275	809,2	8650,6	9,5	184,9	91,96820495	83,86911367	5,3	83,98407833	83,29863883
01.10.2010	12,4393	219,035	812,8	8703,7	9,4	186,6	92,50713931	84,38684614	5,54	84,18192867	84,64863591
01.11.2010	12,3376	219,59	832,6	8762,4	9,8	187,7	92,50713931	85,06297165	5,5	84,46061501	84,64863591
01.12.2010	12,3902	220,472	833,1	8852,4	9,3	189,7	92,50713931	85,48436805	5,48	85,00668195	84,64863591
01.01.2011	12,128	221,187	834,7	8853,1	9,1	192,7	92,9847755	85,90081742	5,2	85,59062311	86,00024265
01.02.2011	12,0649	221,898	842,8	8887,1	9	195,8	92,9847755	86,22306975	5,34	86,24748624	86,00024265
01.03.2011	11,9963	223,046	850,3	8998,9	9	199,2	92,9847755	86,38848119	4,97	86,92130798	86,00024265
01.04.2011	11,7059	224,093	846,5	9064,6	9,1	203,1	93,59843826	86,38162476	5,24	87,5702571	87,31443657
01.05.2011	11,6542	224,806	863,7	9018,3	9	204,1	93,59843826	85,74483357	5,44	87,6635294	87,31443657
01.06.2011	11,8055	224,806	873,4	9103	9,1	203,9	93,59843826	85,7405483	5,56	87,95012975	87,31443657
01.07.2011	11,6741	225,395	885,6	9238,3	9	204,6	94,17729142	86,15193426	5,26	88,30456451	87,94370554
01.08.2011	12,2366	226,106	935,6	9445	9	203,2	94,17729142	86,28820586	5,42	89,19997863	87,94370554
01.09.2011	13,0637	226,597	935,6	9497,7	9	203,7	94,17729142	86,49989822	5,31	90,26837047	87,94370554
01.10.2011	13,4379	226,75	938,7	9544,4	8,8	201,1	94,29078948	87,08355206	4,88	91,24122887	91,0932411
01.11.2011	13,6955	227,169	960,5	9632,9	8,6	201,4	94,29078948	88,02545451	5,16	91,75281332	91,0932411
01.12.2011	13,7746	227,223	953,1	9709,3	8,5	199,8	94,29078948	88,74880816	5,03	92,25704905	91,0932411
01.01.2012	13,3829	227,842	966,4	9768,8	8,3	200,7	94,86331393	89,37702881	4,73	93,05240742	91,13708503
01.02.2012	12,7833	228,329	966,6	9781,3	8,3	201,6	94,86331393	89,55872427	5,28	93,00605391	91,13708503
01.03.2012	12,7523	228,807	973,7	9891,9	8,2	204,2	94,86331393	89,61014752	5,02	93,26043292	91,13708503
01.04.2012	13,0559	229,187	976,2	9947,4	8,2	203,7	95,24562542	89,32903378	4,95	93,550425	91,6415679
01.05.2012	13,6199	228,713	986,5	9883,2	8,2	201,9	95,24562542	89,04706298	5	93,9834346	91,6415679
01.06.2012	13,9193	228,524	995,7	9950,8	8,2	199,8	95,24562542	89,45759189	4,91	94,31808432	91,6415679
01.07.2012	13,3638	228,59	1012,7	10000,1	8,2	200,1	95,73880261	89,95982559	4,71	93,51358389	92,22159511
01.08.2012	13,1793	229,918	1023,9	10063,5	8,1	202,7	95,73880261	90,22979763	5,01	93,38371347	92,22159511
01.09.2012	12,9235	231,015	1033,1	10150,9	7,8	204,4	95,73880261	90,62747073	4,67	93,92676877	92,22159511
01.10.2012	12,8976	231,638	1044,8	10228,2	7,8	203,5	96,22472566	91,08599466	4,91	93,80646385	92,07548112
01.11.2012	13,0639	231,249	1055,7	10341,2	7,7	201,8	96,22472566	91,70478772	5,29	94,12714219	92,07548112
01.12.2012	12,8651	231,221	1064,2	10513	7,9	201,5	96,22472566	91,91562302	4,96	93,96772204	92,07548112
01.01.2013	12,6964	231,679	1068,5	10516,4	8	202,5	96,60914866	92,28587039	5,21	93,8421111	92,5052327
01.02.2013	12,7249	232,937	1060,6	10470,2	7,7	204,3	96,60914866	92,74010906	4,85	93,96081398	92,5052327
01.03.2013	12,5	232,282	1066,6	10595,1	7,5	204	96,60914866	93,42061001	4,91	93,91449758	92,5052327
01.04.2013	12,2061	231,797	1081,6	10668,2	7,6	203,5	96,88369404	93,4823179	5,14	93,20674198	92,31505726
01.05.2013	12,2993	231,893	1090,1	10575,4	7,5	204,1	96,88369404	93,17120727	5,08	93,04069478	92,31505726
01.06.2013	12,9636	232,445	1087,7	10633,8	7,5	204,3	96,88369404	93,1146417	5,07	94,073312	92,31505726
01.07.2013	12,7615	232,9	1092,5	10677,5	7,3	204,4	97,3402285	93,08378775	4,82	93,60979937	93,31527425
01.08.2013	12,912	233,456	1094,8	10731,1	7,2	204,2	97,3402285	93,34861746	4,84	93,54002897	93,31527425
01.09.2013	13,0553	233,544	1106,8	10799,5	7,2	203,9	97,3402285	93,70000964	4,95	94,33385142	93,31527425
01.10.2013	12,9916	233,669	1122,8	10932,8	7,2	202,5	97,92193446	94,14567777	4,89	94,06061974	94,20448553
01.11.2013	13,0597	234,1	1125,4	10965,7	6,9	201,2	97,92193446	95,02330116	4,64	94,11232427	94,20448553
01.12.2013	13,0099	234,719	1135,1	11089,2	6,7	202	97,92193446	95,56838756	4,76	94,29552448	94,20448553
01.01.2014	13,222	235,288	1147,1	11111,1	6,6	203,8	98,33002088	96,42287049	4,88	95,12771202	95,73999995
01.02.2014	13,2928	235,547	1156,8	11137,5	6,7	205,7	98,33002088	96,6671309	4,68	95,68425423	95,73999995
01.03.2014	13,1929	236,028	1165,7	11266	6,7	207	98,33002088	96,93196062	5,22	95,69930021	95,73999995
01.04.2014	13,0669	236,468	1172,8	11337,9	6,2	208,3	98,88648174	96,75112221	4,94	95,56457368	96,95372533
01.05.2014	12,933	236,918	1178,2	11264,6	6,3	208	98,88648174	96,44172568	5,05	95,9919344	96,95372533
01.06.2014	12,9932	237,231	1191,7	11334,3	6,1	208,3	98,88648174	96,60885123	4,87	95,69865349	96,95372533
01.07.2014	12,9914	237,498	1197,1	11391,1	6,2	208	99,3179954	96,87453799	5,16	95,93093138	97,7503079
01.08.2014	13,1436	237,46	1180,9	11419,2	6,1	207	99,3179954	97,22250196	4,85	96,47345075	97,7503079
01.09.2014	13,237	237,477	1206,5	11458,5	5,9	206,4	99,3179954	97,65188605	4,77	96,52941665	97,7503079
01.10.2014	13,4795	237,43	1209,1	11542,8	5,7	203,4	99,48320364	98,19183013	4,64	96,60655938	98,39388824
01.11.2014	13,6148	236,983	1219	11595,7	5,8	200,9	99,48320364	98,98374811	4,7	96,31062343	98,39388824
01.12.2014	14,5205	236,252	1244,8	11739,1	5,6	197	99,48320364	99,46884073	4,19	97,40147107	98,39388824
01.01.2015	14,6972	234,747	1253	11762	5,7	192	99,44788741	99,37885005	4,34	97,65541216	98,27853408
01.02.2015	14,917	235,342	1277	11821,4	5,5	191,1	99,44788741	99,56740195	4,35	97,75027467	98,27853408
01.03.2015	15,2375	235,976	1270,6	11945,7	5,4	191,5	99,44788741	99,97278853	4,23	98,706585	98,27853408
01.04.2015	15,1943	236,222	1269,7	12023	5,4	190,9	99,98651159	99,7139582	4,41	99,17976011	99,70150375
01.05.2015	15,2796	237,001	1258,2	11898,9	5,6	193,4	99,98651159	99,21600977	4,53	99,44113832	99,70150375
01.06.2015	15,4792	237,657	1271,1	11953,1	5,3	194,8	99,98651159	99,38227826	4,43	99,97516904	99,70150375
01.07.2015	15,9515	238,034	1277,5	12016	5,2	193,9	100,284619	99,52797746	4,45	100,5832433	100,534965
01.08.2015	16,534	238,033	1272,5	12062,6	5,1	191,9	100,284619	99,73795571	4,39	101,1119323	100,534965
01.09.2015	16,8387	237,498	1283	12139	5	189,1	100,284619	100,1116313	4,19	101,4776789	100,534965
01.10.2015	16,5697	237,733	1269,8	12158	5	187,5	100,2755823	100,6267208	4,44	101,1842133	101,3507649
01.11.2015	16,6306	238,017	1295	12288	5,1	185,7	100,2755823	101,1760925	4,1	101,3032941	101,3507649
01.12.2015	17,0696	237,761	1302,1	12422,7	5	183,5	100,2755823	101,5883355	4,37	101,6312988	101,3507649
01.01.2016	18,0648	237,652	1303,1	12484,2	4,8	182,6	100,1951996	101,9757239	4,09	102,6827874	102,5160552
01.02.2016	18,4332	237,336	1318,3	12505,2	4,9	181,3	100,1951996	102,4222491	4,17	103,8437281	102,5160552
01.03.2016	17,6303	238,08	1324,8	12678,8	5	182,1	100,1951996	102,5730906	4,09	103,4926822	102,5160552
01.04.2016	17,4795	238,992	1338,3	12791,5	5,1	183,2	100,9032224	102,2482671	3,91	104,0271554	104,349538
01.05.2016	18,136	239,557	1351,5	12704	4,8	185,3	100,9032224	101,7923144	4,11	105,4596988	104,349538
01.06.2016	18,6538	240,222	1351,3	12786,1	4,9	187,6	100,9032224	101,9045885	3,95	107,0786989	104,349538
01.07.2016	18,6155	240,101	1351,9	12841,4	4,8	187,7	101,1832666	102,1702752	3,79	107,5598572	106,794596
01.08.2016	18,4742	240,545	1379,9	12931,9	4,9	186,6	101,1832666	102,4582454	3,75	108,0163583	106,794596
01.09.2016	19,2436	241,176	1379,8	13013,5	5	186,9	101,1832666	103,0838949	3,85	109,6409125	106,794596
01.10.2016	18,8912	241,741	1378,9	13071,2	4,9	186,7	101,7157009	103,7095444	3,57	109,9182205	108,8735655
01.11.2016	20,0086	242,026	1386,2	13190,8	4,7	186,3	101,7157009	104,5203175	3,64	111,659581	108,8735655
01.12.2016	20,4992	242,637	1376,9	13284,6	4,7	188,2	101,7157009	105,0019819	3,71	113,0204871	108,8735655
01.01.2017	21,3911	243,618	1392	13292,8	4,7	190,7	102,2424692	106,7872256	3,46	116,9367641	110,8895162
01.02.2017	20,3008	244,006	1394,5	13299,6	4,6	191,6	102,2424692	107,4043046	3,39	117,149422	110,8895162
01.03.2017	19,28	243,892	1414,8	13480,4	4,4	191,5	102,2424692	108,0633792	3,5	116,1494396	110,8895162
01.04.2017	18,7672	244,193	1413,3	13589	4,4	193	102,5604106	108,1962225	3,56	115,2588102	111,9928092
01.05.2017	18,7666	244,004	1441	13466,5	4,4	192,8	102,5604106	108,0668074	3,61	115,6019235	111,9928092
01.06.2017	18,1293	244,163	1443,7	13520,1	4,3	193,6	102,5604106	108,3384935	3,27	114,7032353	111,9928092
01.07.2017	17,8081	244,243	1452,9	13577,9	4,3	193,5	103,0749311	108,7481654	3,24	113,8544308	113,4183793
01.08.2017	17,7969	245,183	1463,3	13653,2	4,4	193,8	103,0749311	109,2855383	3,29	114,0390229	113,4183793
01.09.2017	17,8305	246,435	1449,1	13699,1	4,3	194,8	103,0749311	109,6275029	3,35	114,5338283	113,4183793
01.10.2017	18,8215	246,626	1462,3	13744,2	4,2	194,9	103,78507	110,3174314	3,42	116,2624292	114,3700942
01.11.2017	18,9306	247,284	1468,4	13818,1	4,2	195,9	103,78507	111,4547422	3,52	117,7371687	114,3700942
01.12.2017	19,1765	247,805	1457	13928,4	4,1	196,3	103,78507	112,1138168	3,42	118,0939752	114,3700942
01.01.2018	18,9118	248,859	1469,2	13884,2	4	197,9	104,4219704	112,7094694	3,2	119,5437089	116,2805517
01.02.2018	18,6473	249,529	1450,3	13839,3	4,1	199,3	104,4219704	113,1388535	3,15	119,7123674	116,2805517
01.03.2018	18,5901	249,577	1467,8	14005,4	4	199,3	104,4219704	113,5048156	3,19	120,1776534	116,2805517
01.04.2018	18,3876	250,227	1460,8	14078,8	4	200,3	105,3180042	113,1199983	3,45	120,2612332	117,5598219
01.05.2018	19,5525	250,792	1455,7	13975,6	3,8	203,2	105,3180042	112,9365887	3,25	122,9012244	117,5598219
01.06.2018	20,2878	251,018	1455	14067	4	204,2	105,3180042	113,3728292	3,31	124,9412914	117,5598219
01.07.2018	18,9856	251,214	1463,9	14106	3,8	204,3	105,6718847	113,9804806	3,26	123,4774981	118,8642255
01.08.2018	18,8633	251,663	1467,5	14161	3,8	203,4	105,6718847	114,6454783	3,21	123,0603093	118,8642255
01.09.2018	18,9991	252,182	1467,9	14198,8	3,7	203,6	105,6718847	115,1303361	3,29	123,7996102	118,8642255
01.10.2018	19,1958	252,772	1474,9	14199,9	3,8	204,6	106,1531342	115,7269964	3,15	124,213495	120,2270653
01.11.2018	20,2448	252,594	1467	14242,1	3,8	202,3	106,1531342	116,7115429	3,33	126,3318846	120,2270653
01.12.2018	20,0972	252,767	1488,9	14433,9	3,9	201	106,1531342	117,5295265	3,64	126,4245252	120,2270653
01.01.2019	19,1704	252,718	1485,8	14434,4	4	199,1	106,5630329	117,6299206	3,38	125,1839602	121,0574609
01.02.2019	19,1953	253,322	1485,4	14387,6	3,8	199,2	106,5630329	117,5968362	3,28	125,6106767	121,0574609
01.03.2019	19,2442	254,202	1468,8	14546,4	3,8	200,8	106,5630329	118,0497504	3,53	125,8823703	121,0574609
01.04.2019	18,9641	255,211	1479,2	14628,2	3,6	202,1	107,1571555	118,1124967	3,57	125,9566624	122,6148654
01.05.2019	19,111	255,29	1481,9	14561,3	3,7	201,7	107,1571555	117,7725258	3,57	126,2885509	122,6148654
01.06.2019	19,2728	255,159	1498,8	14718,5	3,6	200,3	107,1571555	117,8478214	3,52	126,6682128	122,6148654
01.07.2019	19,0452	255,685	1508,4	14801,8	3,7	200,7	107,5070271	118,290468	3,51	126,9374866	124,1898242
01.08.2019	19,6828	256,059	1507	14888,7	3,7	199,2	107,5070271	118,2710737	3,46	127,1883295	124,1898242
01.09.2019	19,547	256,511	1520,4	14978,5	3,5	198,4	107,5070271	118,5813827	3,51	127,5217349	124,1898242
01.10.2019	19,3193	257,244	1529,8	15108,4	3,6	198,6	107,9012045	119,2213949	3,57	126,9624433	124,6265422
01.11.2019	19,3261	257,803	1534,2	15238,7	3,6	199	107,9012045	120,1831246	3,53	126,766063	124,6265422
01.12.2019	19,1024	258,616	1549,4	15396,9	3,6	199	107,9012045	120,8539396	3,19	126,9256466	124,6265422
01.01.2020	18,8066	259,037	1541,7	15409,6	3,5	199,3	108,3367299	121,4391915	3,63	126,3591558	126,7120348
01.02.2020	18,8423	259,248	1543,8	15360,3	3,5	196,7	108,3367299	121,9434436	3,54	126,3388825	126,7120348
01.03.2020	22,3785	258,124	1649,4	15947,7	4,4	193,1	108,3367299	121,8852606	3,24	130,9060315	126,7120348
01.04.2020	24,1798	256,092	1864,8	17047,9	14,7	185,5	107,9303191	120,6497289	4,88	135,2101579	125,048219
01.05.2020	23,524	255,868	6342,5	17698,9	13,2	188,6	107,9303191	121,1140516	4,3	134,1512087	125,048219
01.06.2020	22,3069	256,986	6443,5	18060,2	11	191,2	107,9303191	121,7768807	5,48	132,7232541	125,048219
01.07.2020	22,3952	258,278	6488,8	18257,3	10,2	193	108,8645998	122,5766108	5,11	134,8466262	130,7513448
01.08.2020	22,2017	259,411	6511,9	18299,6	8,4	194,3	108,8645998	123,0591869	4,94	135,3124025	130,7513448
01.09.2020	21,6613	260,029	6598,1	18536,9	7,9	195,5	108,8645998	123,3409748	4,8	134,2607234	130,7513448
01.10.2020	21,2804	260,286	6670	18655,5	6,9	196,5	109,55364	124,0939305	4,59	134,0134303	130,5473945
01.11.2020	20,4566	260,813	6756,4	18950,4	6,7	198,3	109,55364	124,1874795	4,53	133,262647	130,5473945
01.12.2020	19,9604	262,035	6803,9	19228,9	6,7	200,5	109,55364	124,6609288	4,19	133,0821032	130,5473945
01.01.2021	19,9412	262,65	6892	19364,6	6,3	204,8	110,9170507	125,7321793	4,47	134,2498665	132,0138092
01.02.2021	20,3296	263,638	6965,2	19467,9	6,2	210,6	110,9170507	126,5273461	4,37	136,1002864	132,0138092
01.03.2021	20,75	264,914	7034,9	19870,8	6,1	215	110,9170507	127,5734981	4,3	138,2436584	132,0138092
01.04.2021	20,0376	266,67	7095,5	20266,4	6,1	217,9	112,6382903	127,9910462	4,87	138,5232635	133,2242992
01.05.2021	19,9644	268,444	7171,7	20307,1	5,8	224,9	112,6382903	128,252299	4,09	139,5070538	133,2242992
01.06.2021	20,0314	270,559	7137,6	20424,6	5,9	228,9	112,6382903	128,9356632	3,98	140,5264825	133,2242992
01.07.2021	19,9664	271,764	7168,6	20538,9	5,4	231,85	114,3480819	129,6931822	4,16	141,2136898	136,549607
01.08.2021	20,075	272,87	7226	20729	5,2	233,415	114,3480819	129,9407449	4,02	142,0190592	136,549607
01.09.2021	20,0461	274,028	7248,5	20909	4,8	235,678	114,3480819	130,7416159	3,9	142,6838837	136,549607
01.10.2021	20,4399	276,522	7252,1	21064,8	4,5	240,465	116,2548154	131,836824	3,81	144,7889184	137,697785
01.11.2021	20,8698	278,711	7272,4	21291,7	4,2	243,287	116,2548154	133,3461578	3,79	146,2088806	137,697785
01.12.2021	20,926	280,887	7269,5	21633,7	3,9	241,338	116,2548154	133,8298747	3,88	147,683957	137,697785
01.01.2022	20,5074	282,599	7281,3	21638,2	4	246,453	118,6100603	134,621619	3,52	148,0464872	140,5835907
01.02.2022	20,4578	284,61	7256,4	21581,2	3,8	252,66	118,6100603	135,7385031	3,7	149,6978288	140,5835907
01.03.2022	20,5444	287,472	7200,6	21840,5	3,6	260,014	118,6100603	137,0824148	3,32	151,451946	140,5835907
01.04.2022	20,0908	288,611	7143,9	21906,4	3,6	265,31	121,2208058	137,823962	3,18	151,8518082	143,9510352
01.05.2022	20,0575	291,268	7081,7	21558,9	3,6	273,251	121,2208058	138,0669613	3,36	153,3193759	143,9510352
01.06.2022	20,0101	294,728	6973,3	21576,4	3,6	280,251	121,2208058	139,2329017	3,32	154,5668626	143,9510352
01.07.2022	20,5464	294,628	6967,1	21579,1	3,5	272,274	122,5219761	140,2642227	3,27	155,9140409	146,0449404
01.08.2022	20,113	295,32	6930,2	21559,1	3,7	269,546	122,5219761	141,2396425	3,29	156,0012827	146,0449404
01.09.2022	20,0689	296,539	6838,8	21482,9	3,5	267,898	122,5219761	142,115809	3,12	155,5829099	146,0449404
